1 222
1 286
2 9
2 228
2 298
3 95
3 166
4 126
4 259
5 83
5 228
6 109
6 213
7 45
7 65
8 38
8 117
8 119
8 199
8 211
8 267
9 222
10 49
10 106
10 216
10 303
11 122
11 124
12 25
12 80
13 90
13 294
14 80
14 245
15 24
15 86
15 137
15 165
15 304
16 57
16 277
17 223
17 231
18 251
18 289
19 201
19 236
20 122
20 141
21 75
21 273
22 27
22 227
23 34
23 89
24 187
25 158
25 193
25 289
25 305
26 202
26 250
27 69
28 33
28 140
29 54
29 238
30 149
30 154
31 96
31 97
31 308
32 157
32 271
33 228
34 48
34 136
34 166
34 167
34 196
34 310
35 370
36 265
36 281
37 68
37 277
38 105
39 104
39 267
40 124
40 293
41 98
41 214
42 264
43 264
43 287
44 67
44 75
44 146
44 188
45 210
45 234
46 81
46 277
47 182
47 201
48 286
49 212
50 171
50 185
51 168
51 272
52 237
52 272
53 318
54 108
55 206
55 290
56 132
56 149
56 151
56 176
57 192
58 125
58 232
58 238
58 284
58 319
59 108
59 282
60 277
61 146
61 224
62 152
62 190
63 113
63 184
64 322
65 143
66 203
66 253
67 296
68 281
69 214
69 262
69 326
70 75
70 198
71 75
71 197
72 117
72 142
73 129
73 142
74 100
74 113
74 133
74 217
75 241
75 328
76 234
76 255
77 118
78 142
78 144
79 215
79 294
81 226
82 217
82 252
83 124
84 118
84 195
85 139
85 196
86 201
87 331
88 161
88 197
89 293
90 136
91 333
92 337
93 216
93 264
94 167
94 247
95 246
96 227
97 288
98 170
98 288
99 210
101 221
101 233
102 229
102 273
103 343
104 253
105 291
106 191
107 135
107 193
107 251
108 121
108 202
108 344
109 271
110 162
110 189
111 219
111 264
112 202
112 284
113 265
113 275
113 345
114 171
114 229
115 134
115 194
116 129
116 200
118 347
119 120
119 199
120 142
121 134
122 152
122 155
122 348
123 224
123 262
124 239
125 156
126 168
127 349
128 155
128 192
130 144
130 221
131 277
131 281
132 287
133 276
135 251
135 277
137 208
138 142
138 261
139 292
140 192
141 223
142 357
143 215
143 292
143 358
145 359
146 188
146 224
146 367
147 237
147 369
148 220
148 246
148 259
148 260
150 224
150 241
151 213
153 376
154 294
156 194
156 206
156 275
156 278
156 285
157 230
158 276
159 203
159 233
160 193
160 277
161 253
162 254
163 245
163 280
164 382
165 209
165 255
165 346
169 173
169 260
170 229
171 186
171 240
171 383
172 222
172 272
173 272
174 281
175 233
176 239
177 385
178 245
178 249
179 388
180 207
181 207
182 208
183 191
183 201
184 258
185 207
186 207
187 242
189 192
190 230
192 290
195 207
198 270
199 211
199 284
199 389
200 233
200 244
202 261
203 205
203 244
203 391
204 206
204 281
205 253
206 258
206 283
206 392
208 209
212 287
213 231
216 266
218 395
219 271
220 269
220 396
225 401
226 245
228 280
229 270
229 402
230 231
231 403
233 296
234 235
234 268
234 404
235 295
236 266
242 268
242 287
243 406
245 254
245 407
247 269
248 414
249 415
250 282
252 416
253 291
253 417
256 418
257 419
263 423
264 424
272 425
274 427
277 428
278 283
278 285
279 429
293 294
294 295
297 448
298 312
298 313
298 407
299 300
299 336
299 339
299 343
301 371
302 372
303 304
303 424
304 346
305 345
305 366
305 394
305 407
305 420
305 428
305 436
306 307
306 308
306 309
306 378
306 379
306 434
307 381
308 419
308 421
309 321
309 326
309 328
309 332
309 341
309 342
309 422
310 311
310 312
310 370
310 410
310 426
311 645
314 315
314 413
315 322
315 343
315 386
316 380
316 420
317 377
317 432
318 359
318 361
318 395
318 423
319 324
319 442
320 336
321 418
322 377
322 386
322 430
323 393
323 456
324 389
324 417
325 331
325 429
326 332
326 458
327 357
327 579
328 437
329 429
330 433
331 418
331 435
332 367
333 334
333 335
333 376
334 385
334 414
335 385
335 414
336 386
337 388
337 429
337 448
338 340
338 400
338 432
339 340
339 400
343 377
343 432
344 503
345 406
345 416
345 442
346 404
347 383
347 445
347 448
348 351
348 356
348 394
348 492
349 350
349 398
350 382
350 401
351 426
352 375
352 401
352 421
353 424
353 572
354 370
355 358
355 427
356 403
357 384
357 389
358 404
359 360
359 385
359 423
360 385
360 388
361 362
361 415
363 364
363 385
363 415
365 423
365 436
366 423
367 368
367 390
369 409
369 414
370 410
370 427
371 382
372 399
373 375
373 421
374 375
374 421
376 414
378 434
378 648
379 441
379 650
380 428
381 382
381 431
382 398
382 419
382 443
383 402
383 435
384 417
385 386
385 387
385 395
388 406
388 442
390 391
390 417
392 442
393 394
393 408
393 413
393 441
393 566
394 428
395 409
395 414
396 410
397 398
397 399
397 400
398 401
398 432
399 429
400 430
401 421
402 422
403 424
405 421
406 416
408 411
408 413
408 566
408 618
409 410
410 412
410 414
412 415
413 414
414 425
416 442
417 435
417 437
417 438
421 422
421 443
422 445
426 427
429 430
431 432
431 613
432 433
434 435
434 571
435 438
437 439
438 439
439 440
441 442
443 444
445 446
446 447
449 502
449 562
450 525
450 533
451 484
451 500
452 466
452 486
453 555
453 573
454 533
454 553
454 559
455 561
455 584
456 457
456 518
456 544
456 564
456 571
457 508
457 523
457 536
457 552
457 557
457 575
458 585
459 534
459 580
460 510
460 578
461 536
461 560
462 470
462 479
463 575
464 475
464 508
464 558
464 565
464 582
465 476
465 535
465 556
465 585
466 569
467 482
467 545
468 546
469 482
469 524
469 528
470 475
470 557
471 514
471 543
471 548
471 549
471 576
471 579
472 511
472 562
472 583
473 489
473 501
474 490
474 493
474 504
474 563
474 569
475 500
475 558
475 565
476 543
477 529
477 570
478 489
478 505
478 517
478 521
478 527
479 480
480 491
480 497
480 500
480 537
480 565
480 582
480 584
481 536
482 488
482 512
482 521
482 542
483 515
483 517
484 497
484 507
484 529
485 519
485 540
486 496
487 509
487 567
488 516
488 519
488 576
489 545
489 567
489 580
491 513
492 509
493 578
494 575
495 502
495 546
496 539
498 506
498 509
499 549
499 575
500 539
500 582
501 509
501 517
502 522
502 554
503 519
504 555
505 538
506 540
509 567
509 586
510 533
511 570
512 580
513 584
514 575
515 559
516 575
517 555
517 572
518 526
518 564
518 566
520 555
520 569
522 533
523 532
525 573
526 564
528 539
528 558
530 531
530 562
532 574
534 555
536 552
536 574
536 575
538 555
541 550
541 573
544 651
544 659
547 551
547 553
548 585
551 554
555 581
556 585
560 582
561 570
564 565
565 582
566 567
566 568
567 572
567 581
568 569
569 577
570 583
577 581
581 586
587 590
587 628
588 595
588 608
589 610
589 640
590 591
590 608
590 632
590 634
591 662
592 604
593 594
593 596
593 601
593 619
593 628
593 647
594 642
594 646
595 628
595 632
595 639
596 619
596 643
597 598
597 602
597 610
597 635
598 602
598 610
598 611
598 623
598 627
598 635
598 639
599 606
599 614
600 612
600 629
601 628
601 633
603 609
604 611
604 640
605 626
605 629
605 633
606 622
607 616
607 626
607 638
608 628
609 633
610 611
610 627
610 640
611 640
612 631
613 614
613 644
615 622
615 642
615 646
616 617
617 639
618 619
619 620
619 645
621 622
621 643
624 640
624 661
625 639
626 631
628 630
628 632
629 639
634 660
636 637
636 638
640 641
643 644
645 646
645 647
648 649
648 655
650 655
651 652
652 656
652 657
652 659
653 654
653 656
653 658
653 659
653 660
653 662
654 655
654 656
654 657
654 658
655 658
655 660
655 661
655 662
656 658
656 660
656 661
657 658
657 659
658 659
658 662
660 661
660 662
661 662
